i really here
i really here
i really here
2|||||||||||
DsadsaDAS
i really here
i really here
i really here
2|||||||||||
768
2
|||||||||||||||||||||||||||||||||1
|||||||||||||||||||||||||||||||||2
|||||||||||||||||||||||||||||||||4
|||||||||||||||||||||||||||||||||1
|||||||||||||||||||||||||||||||||2
|||||||||||||||||||||||||||||||||4
|||||||||||||||||||||||||||||||||1
|||||||||||||||||||||||||||||||||2
|||||||||||||||||||||||||||||||||4
|||||||||||||||||||||||||||||||||1
|||||||||||||||||||||||||||||||||2
|||||||||||||||||||||||||||||||||4
|||||||||||||||||||||||||||||||||1
|||||||||||||||||||||||||||||||||2
|||||||||||||||||||||||||||||||||4
|||||||||||||||||||||||||||||||||1
|||||||||||||||||||||||||||||||||2
|||||||||||||||||||||||||||||||||4
|||||||||||||||||||||||||||||||||1
|||||||||||||||||||||||||||||||||2
|||||||||||||||||||||||||||||||||4
|||||||||||||||||||||||||||||||||1
|||||||||||||||||||||||||||||||||2
|||||||||||||||||||||||||||||||||4
|||||||||||||||||||||||||||||||||1
|||||||||||||||||||||||||||||||||2
|||||||||||||||||||||||||||||||||4
|||||||||||||||||||||||||||||||||1
|||||||||||||||||||||||||||||||||2
|||||||||||||||||||||||||||||||||4
|||||||||||||||||||||||||||||||||1
|||||||||||||||||||||||||||||||||2
|||||||||||||||||||||||||||||||||4
|||||||||||||||||||||||||||||||||1
|||||||||||||||||||||||||||||||||2
|||||||||||||||||||||||||||||||||4
|||||||||||||||||||||||||||||||||1
|||||||||||||||||||||||||||||||||2
|||||||||||||||||||||||||||||||||4
|||||||||||||||||||||||||||||||||1
|||||||||||||||||||||||||||||||||2
|||||||||||||||||||||||||||||||||4
|||||||||||||||||||||||||||||||||1
|||||||||||||||||||||||||||||||||2
|||||||||||||||||||||||||||||||||4
|||||||||||||||||||||||||||||||||1
|||||||||||||||||||||||||||||||||2
|||||||||||||||||||||||||||||||||4
|||||||||||||||||||||||||||||||||1
|||||||||||||||||||||||||||||||||2
|||||||||||||||||||||||||||||||||3
 im here 
/Desktop/sigma3/img.jpeg
2
